INDEX.

10502, H. 80000, native of 90.

100201, John 01, 8201. 0181. 10120222, 85
20115715202150010201, 871 given im·
7012010 812 college, 871 01002101 21
2222, 2571 writer on 21212101108818102,
1571 first Arte Prof. at 81. 80002212,
157·

1000, (1000οΗ ’81000802 82 Johnson, 152.

21211212, given for 0712007 01821150 01800,
28210822102 01, delivered 10 18021001202,

1571111100 01 800 01,4 2747
21000,12081020000125.5

- 821101, 21220 21 8101100 265.

12220100 81280

87002Ι 802 1111, 27
1221118021,

’0218101 00, 165.

19⁵

Blaltatar‚ Robert‚ 2201 812807 01 18021000,

551 noble family 01, 551 consecrated 21
Rome, 55, 22222017 2201000201 21 1802-
1000, 551 summoned before Jamer 111.,
551 72127 0000011102 01 James 111,516
excommunicates Highland 2211022, 561
transferred 10 800 01 61225022, 56
10000202 802 01 180210022, 2181
resolution of 8021000802 2521021,
1483' date 01 translation 0,1061225022,
27911102 while goingto Holy Land, 179.

..warW 817810- 8120222120, 812 W.. 8020 01 18021000,1551

12102 0218 10 1112212211. 2,55.

8120080 ’11770077710021100 01, 259· Μ1080101 00

battle

81012, John 10 6202 1102 21, 252.

Athol, 8221 of, eweare 102117 10810221 1., Bodleian 8182227220212 01 812807 817810·

2551200020200010212211021 00021210 81-

222211.,155120222020181222211. 10, 255, 80000, 121802,

repaire cattle of 18021000, 2551 2072122
-0111121121110111211100, 265

2100010, 265.

2122210 01 180210022, 92,
Canon 201 10001121001612118222,911
Professor 01 822292122221122102000121
2118021000,2611222111052 01, 261.

1701200281.8011221100222110002121, 156. - Hector ,1072002102812200000101812807

17100, 80022 201 8051128 conclude peace at,
256, 1210 01120217 01, 156, 11117212,
08101 hagent in peace 01, 2571 112002210οι,
touch ing 12021701, 257.

820202, 1010002, 721012 800001 8102202.

82801770751117110 080208 0118021001, 91
2 0111 0 252

8150201018215301, who 80111 1 254

821201, 8122221, 00010012 with 8051128, 19.

- King John, 81222211. attacks, 1612

7212000220 london, 16.

02090001090000, gifted 10080208 011801·
000,19 21001217 01 152.

8220001222, 8121207 800011102021101, 25 2.
82212002, john, 12012102οο0 0118021000, 257,
7200102 102 2202002 01 David 11 ,5.27

82051, 80012 defeat English 21, 140

8020, 221 812807 01 Μο211208, 6 201 250,
00102202οη12 10, from King Malcolm, 6,
801112 080208 of 1102120871 10218201
0122220102 01, 7.

8011001022,1208102000 01 810227, 20112202
12102 2010 80012 800008 11121027, x.
8011028οί20, 00800 011802100025010211101202
21210020012 01802100,150; 712002 000
62182121082280711001202521 001210
01 8121707 ingram, 245, 1121 01 81212072

20002110 10, 287.

80087020, 21000 0180080102, 25

80222201, 812807 Chein 220222101117 10 81
ward 1. at, 1353 812807 Chein again
12102 oath at 155, 8025822 220222102117
10 8122221 1. 21, 1551112122 110220, 01
18021000, 2220222 10211 21, 25

81201210012021212202181011005165.

817810210005711020 rates 1810. Um
2022117871 102202 601050 01 110012500,
82212, 88· ,81280781 82021000 2002200001
1202οἣ822128911101720001201211802-
1000, 891 11102 William 1127220011

901 2021120 0110502, 901 8078 01,
in 800100, 901 2101102 7811020 hffim at
8012901180 01020 relation of

Hay 10,90; 00020112 812807 817810-
stone'e 81211127,99110110011002 0 00
Bishop Elphinstone‚ 120, 8070201, 000·
0020105 822807 1100822, 1251 John 11202
118.1”.1ξξ’.1111.181’181
129, 0820001057 01, 12020 02021100, 2501
21221 chronologice to that 01250, 812807
Keith 22070502 20002207 011 152, 0222 10
death date of 812807 10 Ramray, 1541
1222000220ίο2 01, 10008105’ 812807 80
Κ701002001,254102202 01, 10008105
1108021 ΙΙΙ 259, 1020002207 01, 1022082
11021202 200, 1412 12180 7220112οψωώπιῃ-
101001245112 11.817121021000’2270008

01, 50001001 1513 what 20201012 020202
22128,152; 022210001210561225022 Uni·
2022117 17,2571 Dr. 080200 00 22121701,
1581 2082810 0020 0200012 01 2591 222-
0202 01102102 catal 0012011210, 1591
1002 001020011οο 2702111121027, 1601
omitt 82212 022002 01 62210 Douglar, 160,
William Hay 20000012, 22 principari, 1601
70370812ωὲἑξῃύἰ1271087ῐ26ἑ0077712222-
20 2220022 0 2020 1 0 022·
0022 01,1000810512102, 2643120085
aspect 01 prodigi 02 01, 167· 20201 001100
01822807 60210087 268· 1121018228ομ

 

